// outtextxy(215,205,"---->");
            // outtextxy(230,220,"<----");
             
             /*
             //A
             arc(306, 306, 120, 160, 125);
             arc(307, 307, 120, 160, 125);
             //B
             arc(341, 306, 20, 60, 125);
             arc(342, 305, 20, 60, 125);
             //C
             arc(306, 341, 210, 250, 125);
             arc(305, 342, 210, 250, 125);
             //D
             arc(341, 341, 290, 330, 125);
             arc(342, 342, 290, 330, 125);
             
             
             //A T->X
             line(235,195,247,195);
             line(235,196,247,196);
             line(247,195,247,207);
             line(248,195,248,207);
             //A X->T
             line(185,255,185,267);
             line(186,255,186,267);
             line(185,267,197,267);
             line(185,268,197,268);
             
             line(395,190,395,205);
             line(396,190,396,205);
             */
             
             
      